Epoch	AverageEpRet	StdEpRet	MaxEpRet	MinEpRet	EpLen	AverageVVals	StdVVals	MaxVVals	MinVVals	TotalEnvInteracts	LossPi	LossV	DeltaLossPi	DeltaLossV	Entropy	KL	ClipFrac	StopIter	Time
0	-174.37262	96.09947	9.275419	-373.50702	85.652176	-0.006082733	0.16717255	0.7098111	-0.49813715	4000	8.475781e-08	25128.004	-0.012247489	-5845.0	1.3600215	0.012794442	0.1215	79.0	5.664777040481567
1	-153.91803	69.64052	-58.348465	-342.19882	89.295456	-23.270067	0.046577994	-22.233059	-23.30691	8000	-2.0802021e-08	13206.964	-0.012535724	-2202.9463	1.358176	0.009818022	0.10975	79.0	10.389628171920776
2	-117.57543	60.215233	17.890299	-302.83054	85.565216	-34.88885	1.2477672	-0.8602727	-34.981113	12000	-4.9591065e-08	6465.082	-0.010943048	-787.36426	1.342891	0.007973347	0.05825	79.0	15.150849103927612
3	-115.14566	61.728256	33.969254	-357.6696	82.375	-42.156338	3.9456782	30.709959	-42.472847	16000	-2.9802323e-09	6194.861	-0.009080959	-824.5791	1.3344458	0.0077238264	0.12625	79.0	20.079241037368774
4	-132.8933	68.20124	-37.361	-367.93777	86.5	-49.396103	6.282356	33.53501	-49.996677	20000	4.696846e-08	7149.109	-0.012694701	-1198.8555	1.343063	0.012763802	0.08975	79.0	24.85211491584778
5	-113.547035	51.90486	-1.3351297	-274.64517	91.790695	-58.89003	1.06475	5.4951954	-58.934204	24000	2.3007393e-08	3813.852	-0.009719124	-337.13013	1.3394079	0.016998317	0.30425	9.0	28.849895000457764
6	-119.29893	76.72834	-25.74774	-404.44772	86.73913	-64.64328	0.00687989	-64.50904	-64.64731	28000	-3.8504602e-08	6637.2563	-0.012821359	-560.7954	1.3332595	0.013384646	0.14025	79.0	33.79482388496399
7	-94.41817	51.187897	0.15650354	-227.2356	98.15	-71.94026	0.08817244	-69.9726	-71.95132	32000	9.6559525e-09	1819.3357	-0.0083944	-31.494629	1.3240854	0.0141043505	0.28525	12.0	37.901639223098755
8	-98.98967	71.84051	29.509434	-307.761	104.31579	-74.08081	0.18313083	-71.0221	-74.10232	36000	1.5228986e-08	3789.696	-0.011079628	-9.870361	1.3292177	0.015189278	0.17225	32.0	42.23673915863037
9	-82.30746	57.075584	-5.866666	-281.31937	103.23684	-75.09103	1.7030466	-4.176231	-75.18977	40000	3.1471252e-08	2413.4216	-0.009403603	-18.630615	1.2690024	0.01579143	0.12625	33.0	46.67697525024414
10	-75.883026	85.60631	26.023668	-445.8255	113.911766	-74.67189	0.27942768	-70.04452	-74.71828	44000	1.7106533e-08	6165.984	-0.0100466665	-16.981934	1.2504534	0.01358202	0.12275	79.0	52.215086221694946
11	-93.195366	90.45736	39.17481	-360.04355	114.90625	-75.758484	0.49191764	-67.69583	-75.839874	48000	-1.4692545e-08	6624.63	-0.009568995	-29.422363	1.2245437	0.017289136	0.30525	17.0	56.68952131271362
12	-76.96368	101.2808	38.943607	-411.71686	137.13792	-77.4734	0.5210306	-60.99012	-77.53481	52000	1.4901161e-09	10466.408	-0.0071806987	-79.66797	1.1647278	0.008219758	0.10675	79.0	61.8929762840271
13	-66.977486	82.62649	48.602142	-282.82806	143.13043	-80.74125	1.4721191	-41.687214	-80.900795	56000	-3.2961367e-08	5824.115	-0.007510839	-174.50928	1.1534201	0.011715176	0.08675	79.0	69.36561322212219
14	-38.08093	79.92527	61.133858	-283.61728	166.95653	-76.11045	0.10263474	-75.05934	-76.14306	60000	-1.3917685e-08	10602.583	-0.011140176	-18.30371	1.1375488	0.015145988	0.16525	61.0	76.70297408103943
15	-81.75388	126.11543	69.48046	-530.8485	180.72728	-77.00725	0.60340923	-73.05113	-77.15261	64000	-2.771616e-08	12830.128	-0.01209753	-838.29395	1.1205608	0.010807	0.106	79.0	87.62726211547852
16	-60.099075	107.34203	108.08926	-314.51205	359.27274	-60.59551	28.96825	38.193005	-80.661156	68000	-9.536743e-09	8328.041	-0.010970181	-1753.8398	1.1031382	0.015073652	0.1345	79.0	97.39353227615356
17	-69.392555	134.33682	131.23279	-372.90427	209.78947	-56.713345	23.356121	34.3493	-89.81688	72000	-1.5556813e-08	14346.975	-0.013437104	-974.0293	1.0783703	0.011769983	0.13925	79.0	105.19361710548401
18	-18.62988	114.5804	112.431625	-361.53708	266.53333	-60.48078	28.386148	-23.837755	-96.87722	76000	1.4305114e-08	8207.961	-0.014338032	-2506.2744	1.0594455	0.01116345	0.15925	79.0	114.64924907684326
19	-35.729202	113.49646	156.80269	-275.44766	302.08334	-15.248785	11.893313	93.12082	-98.96954	80000	8.8214875e-09	4536.159	-0.014173615	-471.47314	1.0820273	0.008454496	0.112	79.0	123.69442510604858
20	-38.06268	63.383293	60.7887	-182.29697	208.16667	-20.140308	10.110134	-8.1253395	-96.75945	84000	4.768372e-10	4466.102	-0.009675677	-297.07812	1.0466211	0.0085650105	0.109	79.0	135.05555987358093
21	-11.8817	100.61066	224.19135	-193.72359	255.58333	-31.668957	21.113508	54.7802	-98.04427	88000	2.1457673e-08	4923.4043	-0.012142515	-995.3567	1.052458	0.01370865	0.10525	79.0	143.8368101119995
22	43.308407	89.44765	212.24464	-89.294266	383.1	-11.968167	20.405872	81.70439	-100.36488	92000	-9.536744e-10	2978.97	-0.0071108188	-605.10645	1.0600384	0.0083664255	0.06075	79.0	152.34564924240112
23	48.2912	80.00426	189.47935	-49.191315	498.25	9.004629	33.522163	80.563324	-75.56935	96000	-2.9563903e-08	3846.6724	-0.010069736	-1527.0793	0.97435397	0.004835886	0.038	79.0	159.70859217643738
24	-0.11330526	40.755966	142.03831	-46.66951	225.35294	-2.8400943	8.505127	8.570172	-77.59849	100000	-3.218651e-09	2155.745	-0.008169912	-514.3882	1.0114018	0.006693655	0.0515	79.0	166.21904802322388
25	31.037167	70.53139	237.59091	-67.84113	285.30768	-18.370407	11.60024	2.2063212	-85.73856	104000	-1.9431114e-08	3845.0742	-0.008158236	-900.2727	1.008614	0.010796255	0.0785	79.0	173.65180897712708
26	10.815529	142.52322	283.2702	-162.57454	364.5	-17.188507	26.842321	22.909254	-85.796616	108000	-1.5974045e-08	7608.911	-0.0101300115	-2057.688	0.9461237	0.011488451	0.13	79.0	185.4547791481018
27	-61.40278	77.155174	80.32411	-163.57004	334.33334	-33.562645	30.069208	72.91847	-83.2196	112000	-3.0994416e-09	6331.411	-0.0113115	-2731.8787	0.97229856	0.0078009292	0.10175	79.0	194.76242113113403
28	13.657492	105.50653	268.86258	-115.59068	377.2	-29.632101	15.209988	17.390617	-86.87545	116000	2.5093556e-08	5554.865	-0.010684195	-1937.2922	0.9742984	0.008837052	0.10675	79.0	203.65065813064575
29	120.658394	120.78021	290.22516	-60.411663	542.8571	10.305887	36.733658	93.86566	-60.281734	120000	2.3305416e-08	7269.9575	-0.0093697095	-4097.9126	0.89908177	0.0053744563	0.067	79.0	213.42265820503235
30	108.85218	123.58112	263.39478	-48.40889	516.5714	37.80659	34.179646	109.22329	-68.80958	124000	-5.364418e-10	7064.951	-0.012905233	-3070.2314	0.90430963	0.00963105	0.114	79.0	222.8898811340332
31	54.16233	130.05598	263.4019	-116.58935	376.3	24.706848	28.90744	74.14355	-43.92176	128000	9.179115e-09	10594.411	-0.010783568	-5627.6724	0.9047052	0.012425428	0.12	79.0	230.63821601867676
32	129.76274	138.54643	249.65921	-168.83595	396.6	42.99629	30.442648	72.95938	-30.75502	132000	-1.013279e-08	14798.152	-0.00984215	-5811.378	0.903	0.008219803	0.10025	79.0	239.44213724136353
33	192.63771	104.43577	269.62814	-40.874504	535.8571	58.427383	21.995625	75.745964	-7.1227207	136000	2.0921231e-08	6467.791	-0.008004375	-1635.3901	0.8032938	0.0033615013	0.06225	79.0	247.59429717063904
34	160.23369	98.99573	280.8707	-56.880363	529.5714	76.34386	6.1280723	85.04631	36.447193	140000	1.07288365e-08	3920.9446	-0.009289201	-223.06714	0.86025083	0.008400577	0.12525	79.0	256.3435561656952
35	168.02263	118.80992	280.4808	-106.02264	555.7143	82.186874	19.655592	89.90181	-30.840672	144000	9.536743e-09	9434.796	-0.007960764	-3010.7358	0.8336057	0.009568884	0.1195	79.0	264.8909959793091
36	162.34076	100.09888	256.47134	-12.173318	468.375	77.054955	25.450155	89.43828	0.66363966	148000	-2.384186e-10	5663.316	-0.010032675	-304.24023	0.9008911	0.004554411	0.08875	79.0	274.3938989639282
37	203.69371	41.13053	248.27048	137.62845	568.8571	82.62014	21.309462	90.9708	-27.432577	152000	8.106232e-09	1840.5071	-0.010671199	-522.71326	0.86146486	0.010840742	0.1005	79.0	283.33672189712524
38	203.76587	33.90723	257.40985	143.65585	538.2857	92.947334	21.76294	102.21492	4.200554	156000	2.5629998e-09	1384.8285	-0.0072794585	-573.6898	0.8703246	0.0062836153	0.0755	79.0	292.7777359485626
39	226.75757	21.197472	259.08182	201.01866	519.8571	109.66024	0.00059588527	109.66027	109.628944	160000	-3.4809112e-08	669.8925	-0.008496079	-209.20819	0.9071014	0.0067332126	0.0795	79.0	306.6509029865265
40	220.14465	21.393717	246.2388	188.40341	530.4286	118.166534	1.562257e-05	118.166565	118.16637	164000	-1.013279e-09	370.30215	-0.014178413	-36.210938	0.9262911	0.019450402	0.0625	62.0	317.0382001399994
41	148.1211	52.55143	208.22379	85.068886	921.25	121.96008	2.4447418e-05	121.96012	121.95965	168000	1.7523766e-08	6397.738	-0.0051304908	-2937.4946	0.804729	0.0052979533	0.1245	79.0	327.18188309669495
42	222.1862	47.90003	259.7546	140.30573	829.25	93.01497	0.00031301923	93.01496	92.99644	172000	-6.6161157e-09	2217.0151	-0.0042020855	-122.95386	0.7845012	0.0046630614	0.0375	79.0	337.0273401737213
43	142.64346	75.46364	212.86885	0.17367499	753.2	86.126816	0.00048435968	86.126884	86.11441	176000	-1.0848045e-08	3292.403	-0.004548463	-406.16235	0.83853245	0.0038228242	0.04975	79.0	347.8054041862488
44	186.19638	40.267544	232.49426	124.72248	708.8	75.361206	0.33036545	75.3734	65.30809	180000	1.3530254e-08	2174.0835	-0.0073650153	-0.0703125	0.8894956	0.0069361986	0.08	79.0	357.1487522125244
45	181.15465	86.9831	274.32507	-2.6093764	507.83334	75.36439	0.0025748753	75.364456	75.229996	184000	-1.45435335e-08	4005.6936	-0.009358456	-153.38477	0.8803336	0.0056854263	0.0495	79.0	365.7083730697632
46	214.12404	10.650938	232.11049	200.70267	612.5	82.11834	0.0	82.11834	82.11834	188000	-2.7418137e-09	1262.6553	-0.007419073	-666.73975	0.84547365	0.003273467	0.05825	79.0	374.9374589920044
47	214.78645	10.735759	230.76201	193.58296	569.1429	96.31699	0.16764481	96.32955	92.08709	192000	-1.6212464e-08	784.9407	-0.0069095977	-348.70786	0.88332665	0.008097073	0.0715	79.0	383.97818326950073
48	222.2576	20.05482	252.02194	197.02644	548.4286	106.942406	0.004127296	106.94261	106.79724	196000	2.2172928e-08	647.1385	-0.00549633	-59.702026	0.82667094	0.017368713	0.081	26.0	391.71233010292053
49	184.84425	47.173294	230.02449	99.341965	780.8	111.50942	0.62029624	111.537865	95.10239	200000	-2.2649764e-09	5275.675	-0.0037863215	-1625.3728	0.7278183	0.017875107	0.0705	15.0	401.6001811027527
